71486
0181440523
0171817513
0171720715
0171669940
0191218360
0172677257
0171576443
0172426822
0172203489
0181259725
0191210588
0171719463
0171842288
0171718841
0171040132
0181489991
0181180411
0172765709
+8803217148
+8803216278
0171301291
+8803217148
+8803216278
0173391023
0172724018
+6738665470
+8801711781
0181912955
+8801716783
+8801911712
+8801712928
+8180484620
+8801714888
+8801712516
+8801717499
+8801718589
0171729623
+8801712186
0171101012
0171781010
0171602407
0171137807
0171841864
0172765865
71483
0171120041
0172674258
0191171145
0171703696
0171540577
0192451644
0174167636
0171575888
0191114112
0176414538
0172744692
0173812506
0171392165
0168074019
0171738337
0181828090
0192374418
0171716591
0182278897
71485
0179022967
0174271033
0191981804
0191379254
0191607118
0171342548
0172534633
0171259349
0171724259
0181945705
0171730070
0191212381
0191603431
0171051010
0172658485
0172363347
0175407776
0171297485
0181886578
0171471480
0171298510
0171052704
0167617257
0168700711
0171111355
0172603648
0172570616
0172580830
0168008195
0171483260
0167756022
63298
0173306695
0171201818
0155432964
0185692131
0191110442
0171942246
0184060703
0191778003
0191209844
0173295942
0167581965
0171626984
0181808541
0173625276
0191227906
0181317108
0172385544
0171133507
0172357251
0168730453
0171939925
0171276336
0186262691
0181950930
0171341079
0171715371
0171555190
0177561826
0174569155
0171988310
0171850995
0171106341
0167364224
0191429317
0167032340
0183635071
0191431750
0182029520
0172251432
0174539671
0172294190
0172339712
0171006612
0173665754
0181963394
0191881942
0172333656
0181643051
0171711299
0173071058
0162763888
0171738604
0175652430
0173596566
0181962496
0167634322
0182257964
0171830413
+8801710586
+8803216278
+8801673716
0191949490
0171039573
0191416170
0171201933
0193649326
0173740549
0172351504
0174271033
0181873501
0173781911
0172107233
0172426822
0171658457
